5 423.112 5 107.616
1 122.704 1 33.248
1 90.840 1 29.384
1 89.264 1 26.664
1 81.992 1 25.048
1 86.160 1 25.248
1 78.552 1 6.896
1 87.600 1 5.016
1 78.664 1 5.912
1 87.672 1 8.136
1 78.880 1 9.416
1 90.496 1 13.200
1 82.272 1 17.368
1 92.568 1 20.104
1 81.496 1 23.864
1 157.664 1 55.648
1 107.736 1 47.888
1 86.704 1 48.784
1 86.712 1 50.920
1 81.168 1 49.296
1 84.976 1 51.088
1 81.752 1 43.392
1 88.784 1 39.760
1 81.792 1 36.048
1 87.792 1 34.088
1 80.848 1 29.904
1 91.208 1 29.096
1 83.000 1 28.144
1 91.112 1 25.432
1 86.400 1 25.152
1 154.216 1 49.624
1 108.048 1 36.184
1 83.760 1 34.736
1 87.504 1 33.152
1 78.856 1 32.168
1 86.304 1 33.240
1 78.648 1 28.824
1 89.144 1 30.456
1 80.376 1 28.104
1 88.768 1 28.392
1 81.512 1 28.392
1 90.864 1 27.632
1 81.448 1 27.600
1 92.240 1 28.696
1 82.208 1 26.224
5 325.768 5 208.728
1 117.544 1 53.256
1 88.136 1 44.328
1 89.776 1 40.816
1 81.016 1 39.344
1 86.368 1 38.952
1 80.272 1 24.360
1 85.608 1 22.656
1 78.600 1 22.888
1 88.344 1 21.752
1 80.920 1 21.896
1 90.064 1 22.144
1 84.088 1 23.184
1 90.992 1 21.976
1 84.848 1 21.440
1 152.464 1 37.528
1 105.520 1 29.120
1 82.824 1 27.184
1 85.656 1 26.856
1 79.248 1 26.280
1 84.000 1 26.456
1 78.584 1 23.480
1 86.304 1 23.280
1 85.992 1 24.312
1 256.344 1 125.736
1 98.136 1 39.320
1 97.704 1 37.224
1 91.512 1 38.704
1 94.672 1 36.760
1 87.080 1 32.008
1 168.616 1 47.848
1 116.720 1 37.952
1 98.200 1 35.888
1 91.784 1 35.128
1 88.512 1 34.296
1 87.424 1 30.776
1 91.712 1 34.272
1 92.792 1 35.056
1 86.624 1 34.280
1 94.464 1 33.088
1 93.192 1 35.696
1 91.960 1 34.024
1 89.160 1 34.616
1 93.392 1 35.664
1 90.856 1 34.448
1 159.176 1 42.728
1 103.984 1 36.288
1 88.912 1 33.856
1 89.944 1 33.888
5 197.312 5 95.848
1 98.944 1 33.088
1 95.640 1 32.720
1 99.056 1 32.616
1 94.088 1 33.920
1 98.584 1 34.040
1 95.864 1 32.784
1 91.768 1 31.272
1 86.952 1 29.592
1 106.792 1 36.664
1 86.544 1 26.376
1 155.832 1 37.152
1 114.784 1 34.016
1 90.160 1 34.040
1 93.552 1 32.192
1 80.744 1 29.608
1 82.216 1 27.800
1 83.816 1 30.224
1 95.384 1 31.544
1 78.880 1 25.752
1 87.040 1 26.848
1 84.568 1 28.888
1 83.384 1 25.776
1 84.176 1 27.160
1 97.344 1 29.152
1 78.616 1 19.824
1 149.840 1 37.304
1 108.112 1 28.448
1 81.056 1 25.656
1 85.216 1 26.696
1 78.856 1 26.248
1 82.520 1 27.944
1 74.360 1 26.416
1 82.200 1 30.456
1 75.168 1 30.568
5 230.768 5 95.776
1 79.960 1 28.688
1 81.776 1 30.256
1 71.584 1 29.536
1 80.432 1 29.480
1 78.352 1 30.544
1 146.392 1 47.464
1 100.728 1 35.792
1 71.544 1 29.520
1 66.288 1 22.864
1 59.816 1 22.568
1 64.392 1 24.064
1 55.056 1 22.224
1 61.024 1 20.832
1 61.312 1 24.072
1 68.888 1 27.696
1 65.096 1 29.616
1 66.568 1 31.768
1 62.576 1 30.432
1 68.552 1 27.544
1 57.560 1 25.120
1 109.896 1 34.808
1 78.672 1 32.648
1 58.928 1 26.048
1 68.776 1 31.504
1 54.896 1 27.600
1 53.984 1 24.080
1 49.744 1 23.968
1 56.608 1 24.368
1 49.880 1 23.896
1 56.408 1 25.608
1 49.144 1 21.984
1 52.464 1 23.096
1 48.896 1 21.128
1 58.472 1 25.224
1 53.456 1 23.072
1 97.616 1 34.160
5 193.984 5 93.536
1 60.048 1 28.560
1 58.096 1 27.536
1 54.144 1 27.856
1 57.136 1 28.224
1 54.240 1 29.168
1 57.736 1 25.800
1 55.480 1 27.592
1 63.752 1 30.744
1 55.000 1 27.896
1 62.712 1 28.912
1 61.696 1 29.888
1 68.672 1 31.768
1 58.968 1 25.560
1 109.160 1 36.112
1 77.272 1 32.128
1 64.528 1 31.224
1 67.656 1 30.072
1 62.424 1 28.720
1 69.160 1 30.200
1 63.176 1 30.368
1 68.000 1 30.776
1 65.496 1 29.696
1 71.360 1 30.896
1 66.704 1 30.720
1 74.360 1 31.488
1 70.424 1 30.976
1 75.360 1 29.824
1 70.560 1 27.352
1 135.096 5 140.536
5 217.672 1 41.176
1 81.360 1 38.504
1 78.456 1 33.016
1 73.328 1 33.768
1 79.912 1 32.328
1 76.320 1 30.288
1 84.080 1 29.600
1 83.144 1 33.928
1 92.944 1 34.728
1 84.200 1 32.080
1 86.744 1 30.160
1 81.448 1 30.272
1 85.040 1 29.912
1 79.944 1 29.296
1 145.048 1 43.672
1 101.528 1 36.552
1 79.648 1 32.424
1 85.536 1 32.192
1 77.480 1 31.496
1 87.824 1 31.704
1 78.160 1 30.464
1 88.368 1 31.896
1 76.976 1 27.984
1 86.360 1 29.568
1 76.432 1 29.616
1 85.888 1 29.528
1 79.584 1 27.744
1 83.592 1 29.336
1 81.456 1 27.848
1 148.928 5 164.104
1 102.224 1 44.272
1 82.768 1 36.960
1 83.736 1 34.520
1 78.096 1 34.552
1 84.568 1 30.936
1 79.064 1 29.952
1 85.632 1 31.056
1 79.744 1 27.832
1 88.232 1 29.144
1 80.520 1 27.928
5 267.176 1 27.816
1 91.368 1 27.192
1 92.624 1 27.680
1 85.128 1 24.832
1 152.832 1 51.056
1 110.568 1 37.256
1 87.568 1 32.208
1 88.944 1 32.488
1 85.104 1 31.800
1 88.368 1 30.688
1 84.696 1 30.880
1 91.448 1 29.752
1 82.288 1 28.896
1 93.064 1 29.728
1 84.024 1 28.504
1 93.896 1 28.472
1 87.280 1 27.552
1 94.216 1 29.608
1 89.184 1 25.840
1 152.320 1 53.288
1 109.712 1 37.664
1 90.472 1 35.664
1 89.408 1 31.760
1 85.792 1 31.920
1 90.376 1 30.280
1 82.024 1 30.168
1 88.744 1 29.432
1 84.144 1 30.096
1 90.864 1 29.440
1 86.480 1 30.872
1 95.432 1 31.576
1 85.800 1 29.568
1 94.464 1 28.944
1 86.312 1 26.464
1 153.872 1 55.952
1 114.816 5 169.984
1 89.464 1 38.888
1 95.416 1 37.456
1 87.224 1 33.392
1 95.528 1 35.000
1 84.648 1 29.832
1 92.984 1 28.152
1 83.848 1 25.576
1 90.976 1 26.416
1 83.400 1 24.488
1 92.816 1 24.672
1 86.024 1 24.376
5 317.880 1 24.496
1 99.224 1 23.800
1 169.024 1 49.592
1 117.536 1 36.248
1 92.568 1 32.456
1 100.488 1 36.104
1 87.992 1 34.000
1 92.520 1 30.848
1 90.984 1 35.136
1 94.544 1 32.944
1 88.504 1 32.192
1 94.576 1 29.536
1 97.616 1 35.744
1 97.936 1 33.560
1 90.336 1 31.432
1 97.640 1 30.472
1 93.696 1 32.504
1 161.792 5 158.128
1 110.704 1 41.200
1 94.720 1 37.536
1 89.216 1 34.344
1 84.872 1 32.632
1 87.368 1 33.096
1 82.600 1 31.256
1 92.360 1 30.272
1 86.792 1 29.560
1 90.888 1 31.400
1 85.632 1 30.328
1 94.640 1 33.000
1 87.152 1 31.520
5 246.608 1 32.088
1 102.816 1 30.840
1 163.152 1 45.288
1 106.880 1 35.392
1 89.208 1 33.528
1 90.456 1 31.936
1 83.776 1 31.392
1 91.024 1 31.216
1 82.392 1 30.800
1 85.528 1 29.176
1 80.744 1 29.616
1 87.880 1 28.640
1 80.520 1 30.104
1 84.704 1 28.552
1 80.232 1 27.752
1 85.488 1 27.000
1 81.184 1 26.648
1 151.096 5 131.592
1 101.232 1 36.272
1 82.856 1 31.552
1 85.776 1 32.760
1 77.648 1 31.856
1 86.536 1 32.032
1 81.656 1 29.800
1 87.680 1 31.360
1 200.176 1 30.136
1 89.472 1 30.232
1 80.944 1 29.408
5 225.888 1 29.136
1 89.304 1 27.616
1 86.544 1 28.192
1 83.152 1 26.976
1 154.312 1 40.936
1 103.328 1 31.304
1 80.928 1 27.424
1 81.856 1 28.024
1 75.336 1 27.672
1 84.376 1 28.704
1 77.936 1 30.264
1 80.032 1 27.960
1 79.200 1 30.928
1 87.792 1 32.208
1 81.280 1 30.384
1 84.216 1 28.280
1 79.080 1 26.176
1 86.368 1 24.904
1 87.536 1 26.944
1 146.728 5 125.272
1 103.136 1 34.032
1 78.544 1 31.760
1 79.416 1 30.240
1 76.808 1 28.976
1 77.232 1 30.248
1 73.256 1 28.184
1 78.056 1 28.288
1 71.192 1 28.456
1 76.816 1 30.576
1 69.384 1 27.312
1 75.280 1 28.200
1 72.560 1 31.176
1 78.136 1 30.264
1 65.152 1 24.104
5 290.536 1 41.752
1 97.856 1 33.496
1 70.088 1 30.880
1 72.168 1 27.232
1 67.440 1 29.168
1 69.416 1 27.648
1 61.176 1 29.152
1 62.016 1 29.512
1 59.968 1 29.184
1 61.704 1 27.296
1 51.112 1 26.584
1 60.816 1 28.776
1 55.032 1 26.656
1 57.360 1 26.552
1 49.840 1 20.632
1 93.744 1 25.920
1 63.152 1 23.120
1 51.824 1 24.280
1 52.200 1 21.680
1 44.016 1 20.312
1 50.552 1 20.432
1 48.600 1 23.192
1 61.032 5 92.224
1 55.112 1 23.504
1 63.416 1 28.496
1 57.264 1 27.824
1 62.384 1 29.976
1 52.824 1 27.264
1 57.776 1 27.648
1 50.904 1 25.488
5 268.432 1 34.816
1 75.088 1 30.488
1 55.512 1 27.504
1 53.744 1 25.056
1 49.304 1 24.848
1 51.104 1 23.584
1 49.568 1 25.864
1 52.008 1 26.088
1 46.544 1 24.144
1 55.736 1 27.432
1 51.616 1 29.160
1 58.512 1 29.392
1 52.416 1 25.256
1 55.896 1 25.312
1 53.192 1 24.296
1 101.712 1 107.296
1 71.368 1 31.592
1 57.264 1 29.696
1 61.848 1 28.552
1 56.184 1 29.160
1 62.304 1 28.520
1 58.600 1 27.384
1 65.112 5 95.336
1 61.976 1 26.192
1 65.816 1 26.016
1 59.576 1 25.520
1 68.304 1 26.624
1 62.840 1 27.760
1 68.256 1 24.936
1 63.776 1 24.040
1 127.072 1 35.536
5 212.808 1 29.336
1 72.272 1 29.800
1 75.576 1 28.088
1 71.016 1 28.520
1 74.168 1 26.448
1 73.128 1 26.528
1 77.088 1 29.648
1 77.144 1 29.384
1 80.800 1 29.888
1 77.968 1 32.216
1 82.760 1 30.584
1 77.920 1 30.440
1 79.656 1 28.728
1 79.352 1 28.200
1 145.928 1 136.608
1 99.080 1 40.600
1 82.224 1 34.808
1 84.456 1 32.704
1 79.528 1 31.496
1 84.192 1 33.344
1 78.872 1 29.304
1 85.936 1 30.912
1 79.528 1 29.576
1 85.792 1 31.280
1 76.840 1 30.072
1 84.096 5 120.608
1 78.624 1 27.864
1 87.328 1 27.288
1 78.864 1 25.776
5 275.512 1 44.608
1 109.104 1 33.120
1 86.208 1 31.288
1 85.128 1 30.544
1 78.352 1 29.504
1 83.896 1 28.800
1 81.656 1 28.848
1 81.704 1 27.880
1 76.952 1 27.504
1 84.320 1 28.136
1 79.496 1 28.016
1 85.816 1 26.976
1 80.792 1 26.952
1 89.680 1 26.736
1 82.152 1 26.056
1 145.512 1 48.128
1 104.072 1 35.256
1 84.616 1 31.992
1 86.024 1 31.264
1 83.408 1 30.040
1 88.008 1 29.880
1 88.392 1 35.736
1 95.992 1 34.064
1 84.768 1 29.416
1 87.352 1 29.944
1 80.856 1 26.168
1 89.352 1 28.176
1 79.392 1 24.160
1 87.928 1 23.480
1 80.152 1 20.648
1 141.280 5 170.128
1 100.880 1 36.928
1 84.920 1 12.888
1 83.024 1 27.520
1 84.920 1 26.080
