5 403.712 5 93.544
1 118.720 1 29.264
1 85.264 1 26.504
1 83.536 1 26.104
1 74.496 1 22.520
1 78.856 1 21.528
1 73.984 1 6.344
1 81.576 1 5.592
1 75.336 1 7.264
1 83.680 1 10.184
1 76.664 1 13.000
1 84.488 1 17.312
1 76.152 1 20.880
1 86.264 1 26.720
1 75.936 1 30.152
1 148.496 1 59.464
1 101.640 1 51.568
1 81.424 1 51.296
1 82.264 1 51.040
1 76.032 1 50.648
1 81.608 1 51.488
1 78.080 1 42.632
1 81.224 1 37.520
1 75.808 1 35.024
1 83.560 1 32.184
1 77.328 1 30.664
1 87.656 1 27.736
1 80.160 1 27.360
1 86.912 1 26.792
1 77.832 1 23.696
1 151.688 1 43.832
1 107.512 1 35.072
1 81.088 1 32.688
1 83.112 1 32.896
1 75.192 1 31.816
1 81.528 1 32.376
1 76.320 1 31.176
1 84.456 1 31.288
1 76.328 1 30.576
1 83.456 1 32.456
1 76.736 1 30.416
1 85.888 1 30.880
1 80.376 1 31.160
1 85.232 1 29.584
1 83.640 1 29.416
1 155.928 1 53.696
5 300.600 5 170.280
1 91.960 1 44.112
1 86.784 1 39.640
1 79.064 1 38.272
1 79.792 1 36.504
1 77.264 1 32.056
1 79.760 1 24.016
1 75.136 1 23.336
1 82.544 1 23.264
1 77.328 1 24.384
1 83.008 1 23.096
1 78.336 1 22.424
1 85.200 1 23.616
1 78.872 1 21.424
1 150.168 1 39.568
1 106.328 1 30.552
1 81.184 1 29.736
1 83.128 1 27.328
1 74.424 1 28.664
1 81.896 1 29.080
1 73.840 1 27.408
1 84.840 1 28.528
1 76.520 1 26.912
1 87.224 1 28.496
1 77.296 1 28.608
1 84.384 1 28.072
1 75.408 1 27.672
1 85.216 1 28.392
1 79.072 1 25.080
1 150.336 1 46.840
1 105.224 1 34.760
1 81.808 1 32.752
1 80.264 1 30.176
1 74.208 1 30.488
1 82.488 1 32.200
1 74.600 1 29.616
1 85.288 1 31.880
1 74.688 1 30.792
1 84.856 1 29.488
1 78.616 1 29.400
1 84.832 1 30.304
1 77.872 1 29.696
1 86.912 1 27.888
1 79.224 1 26.848
1 150.184 1 48.696
5 304.296 5 175.960
1 86.568 1 40.216
1 86.784 1 36.568
1 75.624 1 35.312
1 80.560 1 34.848
1 74.512 1 32.144
1 81.880 1 26.696
1 74.272 1 26.368
1 83.016 1 26.208
1 75.312 1 25.888
1 84.944 1 25.760
1 77.880 1 24.416
1 88.992 1 26.232
1 80.400 1 23.464
1 152.856 1 43.976
1 104.840 1 32.416
1 80.744 1 29.560
1 81.080 1 27.760
1 74.616 1 27.016
1 78.096 1 28.264
1 74.176 1 26.864
1 81.824 1 27.224
1 72.744 1 26.352
1 79.680 1 27.304
1 76.616 1 27.288
1 83.152 1 24.968
1 76.304 1 25.448
1 85.800 1 26.600
1 77.408 1 24.472
1 150.048 1 46.568
1 105.368 1 35.568
1 79.008 1 31.944
1 80.528 1 32.264
1 74.936 1 31.088
1 80.504 1 31.512
1 73.248 1 28.288
1 80.880 1 30.696
1 73.104 1 28.744
1 82.576 1 29.712
1 75.384 1 29.856
1 82.320 1 29.080
1 77.960 1 28.208
1 83.080 1 27.744
1 78.608 1 26.520
5 314.032 5 211.048
1 115.384 1 52.792
1 85.088 1 43.880
1 82.808 1 38.472
1 76.056 1 35.792
1 79.792 1 36.496
1 73.656 1 27.344
1 82.144 1 26.968
1 74.784 1 25.728
1 83.264 1 26.200
1 75.472 1 26.528
1 84.696 1 25.960
1 76.976 1 25.800
1 84.504 1 25.560
1 78.352 1 22.984
1 150.312 1 42.528
1 106.816 1 33.864
1 79.960 1 30.576
1 80.160 1 29.472
1 74.528 1 28.568
1 78.616 1 27.592
1 73.624 1 27.568
1 79.744 1 28.088
1 75.560 1 27.568
1 82.024 1 25.624
1 75.800 1 25.704
1 83.688 1 25.224
1 75.896 1 25.592
1 84.168 1 25.968
1 77.392 1 24.824
1 148.608 1 44.168
1 102.320 1 34.536
1 80.424 1 30.688
1 80.256 1 29.992
1 74.688 1 29.288
1 78.568 1 28.400
1 74.488 1 28.832
1 79.456 1 28.056
1 74.224 1 28.552
1 84.160 1 27.752
1 73.664 1 28.368
1 81.016 1 26.320
1 75.312 1 28.600
1 85.048 1 26.936
1 76.096 1 26.048
1 146.448 1 48.144
5 303.896 5 174.448
1 84.632 1 38.560
1 84.680 1 35.736
1 73.736 1 33.816
1 80.368 1 33.496
1 73.704 1 31.376
1 80.560 1 26.888
1 73.448 1 27.168
1 81.672 1 25.480
1 77.024 1 26.888
1 85.560 1 25.992
1 77.416 1 25.712
1 83.872 1 27.976
1 76.904 1 24.048
1 148.840 1 45.304
1 104.640 1 32.656
1 79.960 1 30.304
1 80.656 1 30.904
1 74.936 1 29.184
1 79.240 1 28.720
1 72.824 1 26.856
1 81.280 1 27.584
1 73.064 1 27.128
1 82.568 1 27.216
1 74.608 1 26.280
1 82.792 1 28.280
1 74.664 1 27.408
1 81.872 1 26.176
1 74.784 1 24.984
1 146.216 1 46.712
1 102.696 1 35.456
1 77.784 1 30.560
1 80.712 1 30.424
1 71.352 1 28.528
1 76.896 1 28.872
1 72.488 1 29.680
1 81.192 1 28.344
1 70.904 1 26.488
1 80.064 1 27.784
1 72.288 1 27.048
1 80.040 1 28.744
1 74.424 1 27.272
1 82.824 1 26.592
1 76.152 1 26.880
5 314.600 5 214.056
1 112.280 1 49.744
1 78.728 1 42.376
1 81.248 1 38.528
1 73.848 1 35.416
1 80.088 1 36.768
1 71.688 1 28.816
1 79.816 1 28.176
1 74.168 1 26.864
1 81.712 1 27.640
1 72.544 1 27.328
1 83.320 1 26.512
1 74.952 1 24.744
1 82.656 1 25.976
1 74.720 1 25.000
1 149.216 1 43.192
1 104.744 1 34.552
1 76.480 1 30.872
1 78.616 1 27.960
1 70.680 1 27.320
1 77.328 1 27.536
1 67.088 1 27.208
1 79.312 1 27.816
1 72.912 1 28.680
1 80.432 1 27.184
1 73.800 1 25.128
1 83.368 1 28.416
1 73.032 1 25.216
1 82.808 1 25.440
1 75.512 1 24.800
1 146.336 1 44.104
1 104.600 1 33.616
1 76.936 1 31.360
1 78.808 1 28.104
1 72.648 1 28.488
1 78.032 1 28.368
1 72.264 1 27.592
1 76.984 1 28.136
1 71.312 1 26.720
1 78.024 1 29.016
1 72.200 1 27.656
1 80.664 1 28.392
1 73.296 1 27.088
1 81.376 1 26.728
1 73.824 1 25.744
5 316.296 5 211.312
1 109.568 1 50.080
1 76.728 1 39.360
1 80.592 1 36.944
1 70.584 1 33.168
1 78.448 1 35.288
1 70.304 1 27.712
1 79.352 1 29.376
1 69.312 1 25.224
1 79.568 1 27.384
1 70.104 1 24.688
1 79.856 1 25.880
1 70.776 1 25.104
1 80.280 1 25.808
1 73.464 1 25.640
1 141.848 1 44.192
1 101.536 1 32.672
1 76.048 1 32.608
1 77.008 1 28.440
1 72.560 1 28.632
1 73.208 1 27.848
1 67.552 1 26.280
1 76.256 1 27.768
1 68.944 1 26.800
1 77.224 1 25.232
1 69.504 1 25.192
1 76.944 1 26.384
1 68.896 1 24.976
1 79.368 1 25.456
1 72.768 1 24.032
1 140.072 1 43.288
1 99.448 1 33.592
1 71.008 1 29.616
1 76.088 1 29.816
1 67.232 1 27.712
1 75.552 1 28.560
1 67.560 1 26.816
1 75.224 1 27.000
1 68.888 1 26.616
1 75.384 1 27.408
1 68.448 1 25.960
1 75.272 1 27.096
1 70.776 1 25.288
1 78.976 1 26.824
1 70.912 1 23.864
5 314.616 5 214.072
1 106.784 1 49.368
1 74.936 1 39.704
1 76.224 1 35.888
1 69.648 1 32.824
1 74.800 1 31.208
1 67.816 1 28.848
1 75.608 1 27.248
1 68.544 1 26.176
1 75.928 1 25.896
1 70.048 1 25.832
1 75.192 1 26.992
1 70.616 1 24.488
1 79.032 1 24.208
1 70.232 1 23.984
1 139.216 1 42.552
1 96.560 1 32.400
1 71.128 1 28.536
1 76.504 1 28.512
1 67.080 1 25.240
1 74.528 1 27.432
1 67.512 1 26.280
1 73.208 1 26.144
1 67.496 1 24.568
1 77.272 1 26.848
1 68.736 1 26.072
1 76.824 1 25.760
1 68.720 1 25.920
1 79.120 1 25.288
1 69.656 1 24.712
1 137.384 1 45.008
1 95.496 1 32.488
1 71.400 1 28.816
1 74.032 1 29.464
1 66.704 1 26.936
1 71.600 1 27.280
1 67.944 1 26.632
1 72.640 1 27.512
1 66.784 1 26.288
1 75.912 1 27.504
1 67.664 1 27.640
1 76.224 1 27.416
1 68.280 1 27.088
1 73.992 1 25.864
1 68.024 1 25.192
5 311.992 5 212.760
1 104.296 1 49.976
1 74.048 1 37.696
1 74.888 1 35.672
1 65.760 1 33.184
1 73.120 1 32.080
1 66.296 1 26.760
1 73.704 1 27.776
1 65.704 1 26.976
1 74.832 1 27.552
1 65.048 1 26.024
1 75.544 1 28.184
1 66.584 1 27.968
1 75.832 1 25.184
1 68.432 1 21.872
1 131.216 1 43.008
1 95.072 1 34.080
1 69.584 1 30.120
1 72.456 1 28.304
1 65.496 1 27.344
1 69.336 1 26.896
1 64.248 1 26.296
1 72.040 1 25.888
1 65.120 1 26.064
1 73.600 1 26.296
1 66.736 1 25.952
1 72.984 1 26.584
1 67.416 1 26.016
1 72.192 1 24.880
1 69.264 1 24.568
1 132.160 1 42.736
1 92.448 1 34.512
1 68.760 1 28.728
1 72.080 1 28.192
1 64.000 1 28.056
1 71.800 1 28.024
1 62.816 1 27.480
1 71.240 1 27.328
1 63.328 1 25.432
1 74.280 1 26.952
1 64.056 1 26.752
1 72.208 1 26.944
1 63.792 1 26.112
1 73.304 1 26.320
1 65.856 1 23.056
5 313.168 5 210.960
1 100.696 1 47.856
1 72.208 1 40.808
1 73.480 1 36.632
1 65.920 1 33.112
1 70.216 1 31.144
1 63.400 1 28.392
1 70.528 1 26.784
1 62.904 1 27.768
1 70.112 1 25.904
1 63.568 1 26.872
1 70.536 1 25.592
1 65.064 1 26.936
1 71.344 1 24.552
1 65.792 1 23.128
1 123.920 1 42.064
1 88.784 1 32.696
1 67.088 1 29.168
1 70.152 1 28.960
1 61.896 1 28.712
1 70.616 1 28.008
1 62.592 1 26.736
1 70.112 1 25.976
1 62.712 1 25.928
1 69.376 1 26.600
1 61.800 1 27.648
1 70.392 1 26.408
1 63.728 1 25.024
1 70.152 1 24.400
1 64.584 1 22.864
1 123.896 1 41.864
1 90.000 1 32.072
1 67.768 1 30.512
1 69.640 1 28.720
1 63.136 1 28.368
1 70.304 1 27.456
1 62.224 1 26.536
1 69.512 1 27.336
1 61.176 1 26.936
1 69.112 1 26.136
1 62.520 1 25.936
1 69.808 1 25.200
1 62.112 1 27.576
1 69.680 1 26.256
1 65.160 1 24.720
5 310.752 5 209.568
1 99.216 1 47.592
1 69.456 1 37.032
1 71.112 1 37.248
1 63.224 1 33.528
1 68.624 1 32.680
1 62.656 1 29.208
1 68.856 1 27.960
1 61.456 1 25.752
1 70.464 1 28.824
1 61.608 1 25.144
1 73.344 1 26.736
1 63.016 1 24.544
1 72.736 1 27.168
1 64.568 1 23.584
1 124.840 1 42.792
1 86.896 1 31.952
1 65.360 1 29.528
1 67.512 1 29.080
1 62.720 1 29.232
1 67.776 1 28.000
1 61.952 1 26.512
1 69.192 1 28.456
1 61.896 1 27.152
1 68.208 1 25.608
1 64.400 1 26.080
1 68.816 1 26.424
1 64.232 1 27.696
1 69.968 1 26.408
1 64.232 1 23.104
1 119.472 1 42.216
1 85.800 1 33.608
1 63.096 1 30.064
1 68.192 1 29.280
1 59.888 1 27.912
1 65.768 1 27.240
1 61.488 1 26.984
1 68.208 1 27.048
1 59.616 1 26.120
1 68.592 1 26.232
1 60.608 1 25.512
1 68.400 1 26.232
1 61.048 1 24.496
1 70.976 1 26.688
1 63.352 1 23.464
5 314.112 5 205.072
1 97.624 1 42.472
1 68.016 1 36.064
1 72.000 1 29.928
1 60.752 1 25.336
