5 100.808 5 15.224
1 9.024 1 3.056
1 6.024 1 1.528
1 5.720 1 1.968
1 5.048 1 1.136
1 6.032 1 1.880
1 3.952 1 4.112
1 5.312 1 11.952
1 3.848 1 28.096
1 4.376 1 68.592
1 3.792 1 97.776
1 4.568 1 161.176
1 4.112 1 152.496
1 4.896 1 202.856
1 3.512 1 148.592
1 9.568 1 175.568
1 5.304 1 87.760
1 3.808 1 38.256
1 4.032 1 24.640
1 3.528 1 12.152
1 5.160 1 5.080
1 3.288 1 1.816
1 4.288 1 1.024
1 3.056 1 1.184
1 3.672 1 1.144
1 3.032 1 2.720
1 4.384 1 2.296
1 4.056 1 1.968
1 4.680 1 2.456
1 3.384 1 2.736
1 11.616 1 9.336
1 4.016 1 6.512
1 2.808 1 6.224
1 6.632 1 9.416
1 3.936 1 9.296
1 4.592 1 14.856
1 4.008 1 16.776
1 5.536 1 21.768
1 4.152 1 20.320
1 4.720 1 25.128
1 3.888 1 29.008
1 4.816 1 36.616
1 3.832 1 26.744
1 6.320 1 40.248
1 4.096 1 42.272
1 11.776 1 69.376
1 6.560 1 54.696
1 4.408 1 48.880
1 5.096 1 53.864
5 50.736 5 84.144
1 8.616 1 53.520
1 4.376 1 33.088
1 6.128 1 34.696
1 3.896 1 35.440
1 4.832 1 31.296
1 3.760 1 28.920
1 4.320 1 23.056
1 3.600 1 20.936
1 4.264 1 20.824
1 3.608 1 21.888
1 9.808 1 32.064
1 4.960 1 29.648
1 3.976 1 25.792
1 5.136 1 24.776
1 3.536 1 22.640
1 4.696 1 24.032
1 3.680 1 25.328
1 4.160 1 20.768
1 2.704 1 24.552
1 3.472 1 25.256
1 3.384 1 24.112
1 4.176 1 22.760
1 3.264 1 20.968
1 6.256 1 30.368
1 4.536 1 30.896
1 12.136 1 44.664
1 5.744 1 37.480
1 3.016 1 24.728
1 5.120 1 29.976
1 3.544 1 27.816
1 4.320 1 30.384
1 4.056 1 31.264
1 4.656 1 25.728
1 4.136 1 23.328
1 5.152 1 29.160
1 3.560 1 23.288
1 4.968 1 29.200
1 4.144 1 30.944
1 3.848 1 28.680
1 3.896 1 32.768
1 9.176 1 46.848
1 6.000 1 39.104
1 3.656 1 33.992
1 4.912 1 31.600
1 3.400 1 32.184
1 4.344 1 30.776
1 3.792 1 29.472
1 5.328 1 31.360
5 51.496 5 95.136
1 8.440 1 39.104
1 5.568 1 34.840
1 6.032 1 35.256
1 4.712 1 31.352
1 6.264 1 31.352
1 4.576 1 26.728
1 11.576 1 42.208
1 5.104 1 32.816
1 3.736 1 20.768
1 5.040 1 25.576
1 3.696 1 21.920
1 4.768 1 27.608
1 3.408 1 26.816
1 5.176 1 24.000
1 4.672 1 18.704
1 5.312 1 25.256
1 3.880 1 23.880
1 6.360 1 28.752
1 4.568 1 25.080
1 6.272 1 32.032
1 4.752 1 25.648
1 12.096 1 43.432
1 6.520 1 31.992
1 4.464 1 29.720
1 4.576 1 28.160
1 4.200 1 29.480
1 5.928 1 26.232
1 3.448 1 20.584
1 7.456 1 31.688
1 4.184 1 30.688
1 4.872 1 29.528
1 4.144 1 31.064
1 4.488 1 31.560
1 3.944 1 28.768
1 4.432 1 28.520
1 4.200 1 28.672
1 10.560 1 44.344
1 5.632 1 39.880
1 4.256 1 28.136
1 4.712 1 30.544
1 4.048 1 30.424
1 4.640 1 30.048
1 3.560 1 22.520
1 5.888 1 26.616
1 3.688 1 29.624
1 4.600 1 28.000
1 4.640 1 31.184
1 4.264 1 27.512
5 49.968 5 93.728
1 8.488 1 39.872
1 4.840 1 32.184
1 10.008 1 47.712
1 5.880 1 38.624
1 4.392 1 38.608
1 4.544 1 30.112
1 3.312 1 27.944
1 5.208 1 29.024
1 3.672 1 26.248
1 3.672 1 22.232
1 3.312 1 26.208
1 4.776 1 24.864
1 3.136 1 25.872
1 4.584 1 24.224
1 3.168 1 27.288
1 4.584 1 23.720
1 3.304 1 28.960
1 8.080 1 40.712
1 5.456 1 36.904
1 3.832 1 35.328
1 4.120 1 30.920
1 3.376 1 29.696
1 4.224 1 32.840
1 3.832 1 23.648
1 6.752 1 24.528
1 3.544 1 28.392
1 5.056 1 29.488
1 3.552 1 29.768
1 5.000 1 24.072
1 3.176 1 28.504
1 5.152 1 27.960
1 3.856 1 30.672
1 11.656 1 44.016
1 6.600 1 36.048
1 3.728 1 22.416
1 6.608 1 27.448
1 3.024 1 22.512
1 5.240 1 29.528
1 3.480 1 28.408
1 4.928 1 26.752
1 3.504 1 28.616
1 5.640 1 31.160
1 3.728 1 30.496
1 4.920 1 29.784
1 3.512 1 29.208
1 4.640 1 30.656
1 3.024 1 29.360
1 10.624 1 45.056
5 63.480 5 115.200
1 7.776 1 39.448
1 7.952 1 34.456
1 4.912 1 30.488
1 6.440 1 32.040
1 5.120 1 31.616
1 5.904 1 31.016
1 3.520 1 27.904
1 4.656 1 25.312
1 4.120 1 21.944
1 6.064 1 25.160
1 4.384 1 24.248
1 5.376 1 26.696
1 4.560 1 28.992
1 10.712 1 43.000
1 5.592 1 35.960
1 4.136 1 33.856
1 5.392 1 29.840
1 3.728 1 29.560
1 4.648 1 30.440
1 3.896 1 27.856
1 4.728 1 26.712
1 3.736 1 27.608
1 6.240 1 26.112
1 3.704 1 29.088
1 4.944 1 26.040
1 3.760 1 27.176
1 4.568 1 26.352
1 4.744 1 24.944
1 9.184 1 41.472
1 5.808 1 35.472
1 3.992 1 25.552
1 4.768 1 28.752
1 3.592 1 28.168
1 5.216 1 31.656
1 4.128 1 22.296
1 5.552 1 28.200
1 4.744 1 28.736
1 5.568 1 31.384
1 4.224 1 23.960
1 6.392 1 25.176
1 3.696 1 27.880
1 5.000 1 32.368
1 3.912 1 31.304
1 9.600 1 46.072
1 5.736 1 37.560
1 4.416 1 33.440
1 4.496 1 31.456
1 3.464 1 30.192
5 62.800 5 111.792
1 6.664 1 35.032
1 9.104 1 36.432
1 33.440 1 63.696
1 123.504 1 162.856
1 57.768 1 88.760
1 88.136 1 114.008
1 207.640 1 223.840
1 121.624 1 133.936
1 98.872 1 105.944
1 166.920 1 158.112
1 121.776 1 101.200
1 234.232 1 243.112
1 122.440 1 91.512
1 100.296 1 75.056
1 106.104 1 73.392
1 95.096 1 64.224
1 105.720 1 60.320
1 97.464 1 55.664
1 102.992 1 52.720
1 94.648 1 52.384
1 100.440 1 49.792
1 93.096 1 48.072
1 101.072 1 44.752
1 89.856 1 42.824
1 300.144 1 283.872
1 124.280 1 63.256
1 95.656 1 49.808
5 253.288 5 215.008
1 101.424 1 48.072
1 108.176 1 45.064
1 93.448 1 39.008
1 103.432 1 38.816
1 92.568 1 34.712
1 103.320 1 32.448
1 95.240 1 32.168
1 105.488 1 33.312
1 95.744 1 30.112
1 104.888 1 31.088
1 94.104 1 27.088
1 193.376 1 44.424
1 127.592 1 35.704
1 98.168 1 30.416
1 103.496 1 29.400
1 93.488 1 29.544
1 103.480 1 28.592
1 93.656 1 28.296
1 100.552 1 27.400
1 94.064 1 27.928
1 102.416 1 26.616
1 95.392 1 27.024
1 104.944 1 28.360
1 95.280 1 27.336
1 104.168 1 26.744
1 94.064 1 26.344
5 317.232 5 210.544
1 129.608 1 48.944
1 99.968 1 37.872
1 106.752 1 34.400
1 93.168 1 32.712
1 104.960 1 32.144
1 93.800 1 26.968
1 103.496 1 28.240
1 93.816 1 26.584
1 104.840 1 25.488
1 94.792 1 25.784
1 105.752 1 24.984
1 94.312 1 24.096
1 105.992 1 25.136
1 93.344 1 24.240
1 199.368 1 36.328
1 126.584 1 29.400
1 99.296 1 26.912
1 105.600 1 27.384
1 94.400 1 27.792
1 105.296 1 27.264
1 95.944 1 26.472
1 103.536 1 27.160
1 93.760 1 25.080
1 103.608 1 26.616
1 93.688 1 26.208
1 104.216 1 26.680
1 95.496 1 27.056
1 102.544 1 26.136
1 93.024 1 24.464
1 196.848 1 35.224
5 271.368 5 128.408
1 105.960 1 32.384
1 106.744 1 29.416
1 97.168 1 28.264
1 107.312 1 27.968
1 97.016 1 25.760
1 106.248 1 26.464
1 96.464 1 24.784
1 110.160 1 23.984
1 96.912 1 24.776
1 106.584 1 25.504
1 98.544 1 26.760
1 106.528 1 24.872
1 95.952 1 25.016
1 196.608 1 35.304
1 128.888 1 30.392
1 101.760 1 28.568
1 107.360 1 27.632
1 96.568 1 25.400
1 107.128 1 25.600
1 98.216 1 24.800
1 107.600 1 25.136
1 98.192 1 25.584
1 107.784 1 26.488
1 100.008 1 26.088
1 111.480 1 26.320
1 100.352 1 25.240
1 109.680 1 25.720
1 98.432 1 24.848
5 326.056 5 158.256
1 138.376 1 42.816
1 107.360 1 34.816
1 113.264 1 30.784
1 101.000 1 31.016
1 111.152 1 28.528
1 101.168 1 26.296
1 112.248 1 25.704
1 103.200 1 25.552
1 112.192 1 26.104
1 99.576 1 25.496
1 110.264 1 25.448
1 100.048 1 24.624
1 109.776 1 25.144
1 98.352 1 23.784
1 200.736 1 35.056
1 130.808 1 29.472
1 102.880 1 27.392
1 109.968 1 25.256
1 101.040 1 26.296
1 110.624 1 26.400
1 102.216 1 26.480
1 111.752 1 25.312
1 103.248 1 26.424
1 112.640 1 25.848
1 101.536 1 26.064
1 112.264 1 25.872
1 102.664 1 25.776
1 114.216 1 25.880
1 101.856 1 23.480
1 198.696 5 151.824
5 286.240 1 38.992
1 113.504 1 33.336
1 116.856 1 29.896
1 103.664 1 28.704
1 111.024 1 29.120
1 101.432 1 26.896
1 111.744 1 25.920
1 100.200 1 25.440
1 111.344 1 26.344
1 100.848 1 24.384
1 111.712 1 26.024
1 101.976 1 25.440
1 112.232 1 25.632
1 101.392 1 24.656
1 198.832 1 35.264
1 134.152 1 29.432
1 107.096 1 27.872
1 111.576 1 25.272
1 103.632 1 25.672
1 113.872 1 24.848
1 102.832 1 25.344
1 114.168 1 25.160
1 103.664 1 26.536
1 113.496 1 24.688
1 105.376 1 24.584
1 114.800 1 24.520
1 103.424 1 24.832
1 115.152 1 25.088
1 105.744 1 23.448
5 324.752 5 151.704
1 143.192 1 38.936
1 111.896 1 32.576
1 119.256 1 31.944
1 105.920 1 27.648
1 114.256 1 27.872
1 105.440 1 25.040
1 116.416 1 24.376
1 105.848 1 24.040
1 114.984 1 24.392
1 103.464 1 25.416
1 115.624 1 24.680
1 105.296 1 24.264
1 116.752 1 24.776
1 105.712 1 24.432
1 200.544 1 34.424
1 138.848 1 29.480
1 111.624 1 27.232
1 117.824 1 25.528
1 105.288 1 23.928
1 117.568 1 26.872
1 107.560 1 25.312
1 114.536 1 26.824
1 103.656 1 24.208
1 116.096 1 24.760
1 105.480 1 25.600
1 116.864 1 24.792
1 106.712 1 25.072
1 117.408 1 25.288
1 105.656 1 23.936
1 203.552 1 35.304
5 290.224 5 119.352
1 114.544 1 32.816
1 119.672 1 29.120
1 105.464 1 29.352
1 115.464 1 27.792
1 102.624 1 25.672
1 113.720 1 25.008
1 105.744 1 27.040
1 116.656 1 25.360
1 105.120 1 27.216
1 114.728 1 26.088
1 103.176 1 25.752
1 114.464 1 24.168
1 105.528 1 23.664
1 203.176 1 34.400
1 140.144 1 29.640
1 113.712 1 28.200
1 119.696 1 25.560
1 108.752 1 24.496
1 120.016 1 26.544
1 109.248 1 25.896
1 120.928 1 25.008
1 110.816 1 24.264
1 121.712 1 24.760
1 111.008 1 24.128
1 122.752 1 24.896
1 112.640 1 22.792
1 122.424 1 24.504
1 112.752 1 22.736
5 323.632 5 158.736
1 149.864 1 41.896
1 116.664 1 34.208
1 128.224 1 30.104
1 111.736 1 29.160
1 122.536 1 29.272
1 108.952 1 27.032
1 124.200 1 24.664
1 112.408 1 25.320
1 125.456 1 25.920
1 109.656 1 27.168
1 123.880 1 25.720
1 108.728 1 24.944
1 123.872 1 25.416
1 111.568 1 24.048
1 206.496 1 34.816
1 146.816 1 28.208
1 119.136 1 25.768
1 126.344 1 23.440
1 113.408 1 22.200
